(DEVICE FILE: FLASH1)

PACKAGE FLASH1
CLASS IC
PINCOUNT 48

PINORDER FLASH1 4 3 2 1 48 47 46 45 44 11 10 9 8 7 6 5 43 42 41 40 39 38 17 16 15 14 13 12 37 36 35,
      34 33 32 24 23 22 21 20 19 18 31 30 29 28 27 26 25
PINSWAP FLASH1 4 3 2 1 48 47 46 45 44 11 10 9 8 7 6 5 43 42 41 40 39 38 17 16 15 14 13 12 37 36 35,
      34 33 32 24 23 22 21 20 19 18 31 30 29 28 27 26 25
FUNCTION FLASH1 FLASH1 4 3 2 1 48 47 46 45 44 11 10 9 8 7 6 5 43 42 41 40 39 38 17 16 15 14 13 12 37,
      36 35 34 33 32 24 23 22 21 20 19 18 31 30 29 28 27 26 25

PACKAGEPROP VALUE FLASH1

END
