(DEVICE FILE: FPC_50P_05MM)

PACKAGE FPC_50P_05MM
CLASS IC
PINCOUNT 52

PINORDER FPC_50P_05MM 52 51 50 47 49 48 44 43 46 45 40 42 41 37 39 38 34 36 35 31 30 33 32 27 29 28,
      24 26 25 21 23 22 18 17 20 19 14 16 15 11 13 12 9 8 10 5 4 7 6 2 1 3
PINSWAP FPC_50P_05MM 52 51 50 47 49 48 44 43 46 45 40 42 41 37 39 38 34 36 35 31 30 33 32 27 29 28,
      24 26 25 21 23 22 18 17 20 19 14 16 15 11 13 12 9 8 10 5 4 7 6 2 1 3
FUNCTION FPC_50P_05MM FPC_50P_05MM 52 51 50 47 49 48 44 43 46 45 40 42 41 37 39 38 34 36 35 31 30 33,
      32 27 29 28 24 26 25 21 23 22 18 17 20 19 14 16 15 11 13 12 9 8 10 5 4 7 6 2 1 3

PACKAGEPROP VALUE FPC_50P_05MM

END
