(DEVICE FILE: QFN48_1P5B)

PACKAGE QFN48_1P5B
CLASS IC
PINCOUNT 49

PINORDER QFN48_1P5B 13 12 11 10 9 8 7 6 5 4 3 2 1 48 15 14 49 47 46 17 16 45 44 19 18 43 42 21 20 41,
      40 23 22 24 39 38 37 25 26 27 28 29 30 31 32 33 34 35 36
PINSWAP QFN48_1P5B 13 12 11 10 9 8 7 6 5 4 3 2 1 48 15 14 49 47 46 17 16 45 44 19 18 43 42 21 20 41,
      40 23 22 24 39 38 37 25 26 27 28 29 30 31 32 33 34 35 36
FUNCTION QFN48_1P5B QFN48_1P5B 13 12 11 10 9 8 7 6 5 4 3 2 1 48 15 14 49 47 46 17 16 45 44 19 18 43,
      42 21 20 41 40 23 22 24 39 38 37 25 26 27 28 29 30 31 32 33 34 35 36

PACKAGEPROP VALUE qfn48_1p5b

END
